symbol,close,sma50,sma200,sma50/sma200,upper_bband,lower_bband,bollinger,macd,ema9,macd-ema9
A2A,1.266,1.2236,1.214235,1.00771267506,1.32116824111,1.22203175889,-0.112975564093,0.00671901088557,0.0134924704755,-0.00677345958991
ATL,21.8,21.8452,22.3816,0.976033884977,22.6360992791,21.0269007209,-0.0391499232183,-0.161805584254,-0.106745910213,-0.0550596740413
AZM,16.87,16.3102,15.84825,1.02914832868,17.8842911114,16.5857088886,-0.562151542784,0.143588511954,0.275690039623,-0.132101527669
BMED,7.135,6.9665,6.576425,1.05931414104,7.57284027633,6.99265972367,-0.50932420717,0.0452694971761,0.0969879456141,-0.0517184484381
BMPS,15.08,16.7438,4.440555,3.77065479428,15.0800010355,15.0799989645,1.54392225168e-08,0.047116778202,0.0967371217118,-0.0496203435098
BPE,5.515,5.034,4.097865,1.22844456809,5.84364905798,4.95935094202,0.256700761771,0.110380795944,0.1517023688,-0.0413215728552
PMI,nan,nan,nan,nan,nan,nan,nan,0.00934671526727,0.00934998759682,-3.27232955132e-06
BP,nan,nan,nan,nan,nan,nan,nan,0.0663490277452,0.0663714083508,-2.23806056594e-05
BZU,23.23,22.5862,18.97875,1.19007837713,24.3112302589,22.6617697411,-0.311010778641,0.205749752381,0.329296953082,-0.123547200701
BRE,62.1,57.747,53.1976,1.08551889559,62.341894273,59.708105727,0.816314583506,0.881393796119,1.05027838984,-0.168884593722
CPR,9.6,9.2811,9.15615,1.01364656542,9.6582869852,9.1712130148,0.760664750167,0.0546310731596,0.0579987892121,-0.00336771605245
CNHI,8.52,8.3485,7.011725,1.19064852087,8.83280525096,8.15069474904,0.405359541039,0.0588662315418,0.0808566723785,-0.0219904408367
ENEL,3.916,4.03344,3.95881,1.0188516246,4.27179459948,3.81180540052,-0.546969364868,-0.0527524413736,-0.025891409847,-0.0268610315266
ENI,14.53,14.8688,13.8446,1.07397830201,16.1730732882,14.0329267118,-0.5354773419,-0.19803058304,-0.0380264931965,-0.160004089844
EXO,43.27,41.421,36.53315,1.133792186,44.9512533641,40.0807466359,0.309618707899,0.498373550266,0.495688320732,0.00268522953439
RACE,61.0,55.522,45.6019,1.21753698859,60.0472521002,54.1877478998,1.32519744581,1.09789134968,0.859370526567,0.238520823111
FCA,10.22,8.8896,6.819625,1.30353208571,10.9213658293,8.59963417068,0.395825243878,0.386430897096,0.391123210866,-0.00469231377003
FBK,5.595,5.37158,5.53504,0.970468144765,5.72455468946,5.36144531054,0.286415075016,0.0552523494261,0.0676110957232,-0.0123587462971
G,14.98,14.0224,12.273225,1.14251959041,15.8554752622,13.0625247378,0.373082154842,0.310809209488,0.30394231444,0.00686689504849
ISP,2.238,2.35506,2.121705,1.10998465856,2.57700369341,2.12099630659,-0.486834218946,-0.0544584065635,-0.0306177770573,-0.0238406295062
LDO,12.46,13.0442,10.9985,1.18599809065,13.6719018198,11.9550981802,-0.411811801714,-0.217172883957,-0.157440253333,-0.0597326306237
LUX,49.97,50.3192,46.3844,1.08483024465,53.4360389428,46.9389610572,-0.0669531761283,-0.132634892016,0.0239108483302,-0.156545740346
MS,3.946,3.71768,3.22951,1.15115915418,4.37715818594,3.89164181406,-0.776080935308,0.0390049686553,0.106303221752,-0.0672982530962
MB,8.145,7.751,6.6602,1.1637788655,8.62993411692,7.56456588308,0.0896403674957,0.114243242726,0.155542390818,-0.0412991480921
MONC,17.72,16.8004,15.5183,1.0826185858,18.6045789912,16.6474210088,0.0960576518002,0.349378199598,0.400730715322,-0.0513525157234
PST,6.085,6.146,6.2501,0.983344266492,6.27084696939,5.84315303061,0.130934752455,-0.060648560849,-0.0551843022492,-0.0054642585998
PRY,25.36,24.2302,22.24885,1.089054041,25.3250825154,23.9439174846,1.05056236418,0.188153415381,0.168119091506,0.0200343238755
REC,26.85,26.6682,26.70795,0.998511679107,27.9512644898,26.3337355102,-0.361662762993,-0.0700977059449,0.0437736599313,-0.113871365876
SPM,0.4679,0.492692,0.415035,1.18710952088,0.54159135271,0.45927864729,-0.790521945152,-0.00747145207782,-0.000352203310788,-0.00711924876703
SFER,26.64,23.174,21.1801,1.0941402543,26.4071192768,23.7788807232,1.17721429652,0.744887754132,0.708215836201,0.0366719179311
SRG,3.768,3.7298,4.59485,0.811734877091,3.76800046925,3.76799953075,3.78554148924e-09,0.000570279881918,0.000438523627879,0.000131756254039
STM,13.23,10.7038,7.50601,1.42603060747,13.3213975486,9.58160245144,0.983208947152,0.67787135245,0.481679748517,0.196191603933
TIT,0.8185,0.80573,0.7775875,1.03619206842,0.866625038473,0.781124961527,-0.125730880999,-0.00495369364981,-3.95812892183e-06,-0.00494973552089
TEN,16.27,16.5078,13.53255,1.21985878493,17.4394680701,15.9745319299,-0.596613037279,-0.0705429955295,0.0578374686768,-0.128380464206
TRN,4.2,4.22888,4.539015,0.93167350185,4.44212125995,4.03807874005,-0.198493960532,-0.0405298564676,-0.0243280716894,-0.0162017847782
UBI,3.216,4.78645,4.930534,0.97077720182,11.6394492034,-2.70862920342,-0.174157119103,-0.551082376652,-0.315817685031,-0.235264691621
UCG,26.16,7.47522,3.588645,2.08302019286,39.8241745112,-10.1873745112,0.453559236684,6.52499553163,5.52145842121,1.00353711042
UNI,3.552,3.38,2.85911,1.18218606489,3.6931421748,3.3780578252,0.104099108828,0.034344219879,0.056868421305,-0.022524201426
US,1.986,2.00382,1.696205,1.18135484803,2.12462379308,1.91827620692,-0.343595005486,-0.0132168186915,-0.000523298603349,-0.0126935200882
YNAP,24.14,26.3598,nan,nan,29.7572368053,22.1457631947,-0.475991928148,-0.87824665445,-0.608760515411,-0.269486139039
